‏Page,Sura,Verse,Text
582,78,1,ﭑﭒﭓ
582,78,2,ﭔﭕﭖﭗ
582,78,3,ﭘﭙﭚﭛﭜb
582,78,4,ﭝﭞﭟ
582,78,5,ﭠﭡﭢﭣ
582,78,6,ﭤﭥﭦﭧﭨb
582,78,7,ﭩﭪﭫ
582,78,8,ﭬﭭﭮ
582,78,9,ﭯﭰﭱbﭲ
582,78,10,ﭳﭴﭵﭶ
582,78,11,ﭷﭸﭹﭺ
582,78,12,ﭻbﭼﭽﭾﭿ
582,78,13,ﮀﮁﮂﮃ
582,78,14,ﮄbﮅﮆﮇﮈﮉ
582,78,15,ﮊﮋﮌﮍﮎ
582,78,16,ﮏbﮐﮑ
582,78,17,ﮒﮓﮔﮕﮖﮗ
582,78,18,ﮘﮙﮚﮛbﮜﮝﮞ
582,78,19,ﮟﮠﮡﮢﮣ
582,78,20,ﮤbﮥﮦﮧﮨ
582,78,21,ﮩﮪﮫﮬﮭ
582,78,22,ﮮbﮯﮰ
582,78,23,ﮱﯓﯔﯕ
582,78,24,ﯖﯗﯘﯙﯚﯛbﯜ
582,78,25,ﯝﯞﯟﯠ
582,78,26,ﯡﯢﯣ
582,78,27,ﯤﯥbﯦﯧﯨﯩ
582,78,28,ﯪﯫﯬﯭ
582,78,29,ﯮﯯbﯰﯱﯲ
582,78,30,ﯳﯴﯵﯶﯷﯸ
583,78,31,ﭑﭒﭓﭔ
583,78,32,ﭕﭖﭗ
583,78,33,ﭘﭙﭚ
583,78,34,ﭛbﭜﭝ
583,78,35,ﭞﭟﭠﭡﭢﭣﭤ
583,78,36,ﭥﭦﭧﭨbﭩﭪ
583,78,37,ﭫﭬﭭﭮﭯﭰﭱﭲﭳbﭴﭵﭶ
583,78,38,ﭷﭸﭹﭺﭻﭼﭽﭾbﭿﮀﮁﮂﮃﮄﮅﮆ
583,78,39,ﮇﮈﮉﮊﮋbﮌﮍﮎﮏﮐﮑ
583,78,40,ﮒﮓﮔﮕﮖbﮗﮘﮙﮚﮛﮜﮝﮞﮟﮠﮡb
583,79,1,ﮢﮣﮤ
583,79,2,ﮥﮦﮧ
583,79,3,ﮨﮩbﮪ
583,79,4,ﮫﮬﮭ
583,79,5,ﮮﮯﮰ
583,79,6,ﮱﯓﯔbﯕ
583,79,7,ﯖﯗﯘ
583,79,8,ﯙﯚﯛﯜ
583,79,9,ﯝbﯞﯟ
583,79,10,ﯠﯡﯢﯣﯤﯥ
583,79,11,ﯦﯧbﯨﯩﯪ
583,79,12,ﯫﯬﯭﯮﯯﯰ
583,79,13,ﯱﯲﯳbﯴﯵ
583,79,14,ﯶﯷﯸﯹ
583,79,15,ﯺﯻﯼﯽﯾ
584,79,16,ﭑﭒﭓﭔﭕﭖﭗ
584,79,17,ﭘﭙﭚﭛﭜﭝb
584,79,18,ﭞﭟﭠﭡﭢﭣﭤ
584,79,19,ﭥﭦﭧﭨﭩ
584,79,20,ﭪbﭫﭬﭭ
584,79,21,ﭮﭯﭰ
584,79,22,ﭱﭲﭳﭴ
584,79,23,ﭵbﭶﭷ
584,79,24,ﭸﭹﭺﭻﭼ
584,79,25,ﭽﭾﭿﮀﮁbﮂ
584,79,26,ﮃﮄﮅﮆﮇﮈﮉ
584,79,27,ﮊﮋﮌﮍﮎﮏﮐbﮑ
584,79,28,ﮒﮓﮔﮕ
584,79,29,ﮖﮗﮘﮙﮚb
584,79,30,ﮛﮜﮝﮞﮟ
584,79,31,ﮠﮡﮢﮣﮤb
584,79,32,ﮥﮦﮧ
584,79,33,ﮨﮩﮪﮫ
584,79,34,ﮬﮭﮮbﮯﮰ
584,79,35,ﮱﯓﯔﯕﯖﯗ
584,79,36,ﯘﯙbﯚﯛﯜ
584,79,37,ﯝﯞﯟﯠ
584,79,38,ﯡﯢﯣﯤ
584,79,39,ﯥﯦbﯧﯨﯩ
584,79,40,ﯪﯫﯬﯭﯮﯯﯰﯱﯲbﯳ
584,79,41,ﯴﯵﯶﯷﯸ
584,79,42,ﯹﯺﯻﯼﯽbﯾ
584,79,43,ﯿﰀﰁﰂﰃ
584,79,44,ﰄﰅﰆﰇ
584,79,45,ﰈﰉﰊbﰋﰌﰍ
584,79,46,ﰎﰏﰐﰑﰒﰓﰔﰕﰖﰗ
585,80,1,ﭑﭒﭓ
585,80,2,ﭔﭕﭖﭗ
585,80,3,ﭘﭙﭚﭛﭜ
585,80,4,ﭝbﭞﭟﭠﭡ
585,80,5,ﭢﭣﭤﭥ
585,80,6,ﭦﭧﭨﭩb
585,80,7,ﭪﭫﭬﭭﭮ
585,80,8,ﭯﭰﭱﭲﭳ
585,80,9,ﭴﭵﭶ
585,80,10,ﭷbﭸﭹﭺ
585,80,11,ﭻﭼﭽﭾ
585,80,12,ﭿﮀﮁﮂ
585,80,13,ﮃﮄﮅbﮆ
585,80,14,ﮇﮈﮉ
585,80,15,ﮊﮋﮌ
585,80,16,ﮍﮎﮏ
585,80,17,ﮐﮑbﮒﮓﮔ
585,80,18,ﮕﮖﮗﮘﮙ
585,80,19,ﮚﮛﮜﮝﮞ
585,80,20,ﮟbﮠﮡﮢ
585,80,21,ﮣﮤﮥﮦ
585,80,22,ﮧﮨﮩﮪﮫ
585,80,23,ﮬﮭbﮮﮯﮰﮱ
585,80,24,ﯓﯔﯕﯖﯗ
585,80,25,ﯘﯙﯚﯛbﯜ
585,80,26,ﯝﯞﯟﯠﯡ
585,80,27,ﯢﯣﯤﯥ
585,80,28,ﯦﯧﯨb
585,80,29,ﯩﯪﯫ
585,80,30,ﯬﯭﯮ
585,80,31,ﯯﯰﯱ
585,80,32,ﯲﯳbﯴﯵ
585,80,33,ﯶﯷﯸﯹ
585,80,34,ﯺﯻﯼﯽﯾﯿb
585,80,35,ﰀﰁﰂ
585,80,36,ﰃﰄﰅ
585,80,37,ﰆﰇﰈﰉﰊbﰋﰌ
585,80,38,ﰍﰎﰏﰐ
585,80,39,ﰑﰒﰓ
585,80,40,ﰔbﰕﰖﰗﰘ
585,80,41,ﰙﰚﰛ
585,80,42,ﰜﰝﰞﰟﰠ
586,81,1,ﭑﭒﭓﭔ
586,81,2,ﭕﭖﭗﭘ
586,81,3,ﭙﭚbﭛﭜ
586,81,4,ﭝﭞﭟﭠ
586,81,5,ﭡﭢﭣbﭤ
586,81,6,ﭥﭦﭧﭨ
586,81,7,ﭩﭪﭫﭬ
586,81,8,ﭭbﭮﭯﭰ
586,81,9,ﭱﭲﭳﭴ
586,81,10,ﭵﭶﭷbﭸ
586,81,11,ﭹﭺﭻﭼ
586,81,12,ﭽﭾﭿﮀ
586,81,13,ﮁﮂbﮃﮄ
586,81,14,ﮅﮆﮇﮈﮉ
586,81,15,ﮊﮋﮌﮍb
586,81,16,ﮎﮏﮐ
586,81,17,ﮑﮒﮓﮔ
586,81,18,ﮕﮖﮗﮘb
586,81,19,ﮙﮚﮛﮜﮝ
586,81,20,ﮞﮟﮠﮡﮢﮣﮤ
586,81,21,ﮥbﮦﮧﮨ
586,81,22,ﮩﮪﮫﮬ
586,81,23,ﮭﮮﮯﮰbﮱ
586,81,24,ﯓﯔﯕﯖﯗﯘ
586,81,25,ﯙﯚﯛﯜﯝﯞb
586,81,26,ﯟﯠﯡ
586,81,27,ﯢﯣﯤﯥﯦﯧ
586,81,28,ﯨﯩﯪﯫbﯬﯭ
586,81,29,ﯮﯯﯰﯱﯲﯳﯴﯵﯶ
587,82,1,ﭑﭒﭓﭔ
587,82,2,ﭕﭖﭗﭘ
587,82,3,ﭙﭚbﭛﭜ
587,82,4,ﭝﭞﭟﭠ
587,82,5,ﭡﭢﭣﭤbﭥﭦ
587,82,6,ﭧﭨﭩﭪﭫﭬﭭ
587,82,7,ﭮbﭯﭰﭱﭲ
587,82,8,ﭳﭴﭵﭶﭷﭸﭹb
587,82,9,ﭺﭻﭼﭽﭾ
587,82,10,ﭿﮀﮁﮂ
587,82,11,ﮃbﮄﮅ
587,82,12,ﮆﮇﮈﮉ
587,82,13,ﮊﮋﮌﮍﮎ
587,82,14,ﮏbﮐﮑﮒﮓ
587,82,15,ﮔﮕﮖﮗ
587,82,16,ﮘﮙﮚﮛbﮜ
587,82,17,ﮝﮞﮟﮠﮡﮢ
587,82,18,ﮣﮤﮥﮦﮧﮨbﮩ
587,82,19,ﮪﮫﮬﮭﮮﮯﮰﮱﯓﯔﯕb
587,83,1,ﯖﯗﯘ
587,83,2,ﯙﯚﯛﯜﯝﯞﯟb
587,83,3,ﯠﯡﯢﯣﯤﯥ
587,83,4,ﯦﯧﯨﯩbﯪﯫ
587,83,5,ﯬﯭﯮ
587,83,6,ﯯﯰﯱﯲﯳﯴ
588,83,7,ﭑﭒﭓﭔﭕﭖﭗ
588,83,8,ﭘﭙﭚﭛﭜ
588,83,9,ﭝbﭞﭟ
588,83,10,ﭠﭡﭢﭣ
588,83,11,ﭤﭥﭦﭧﭨb
588,83,12,ﭩﭪﭫﭬﭭﭮﭯﭰ
588,83,13,ﭱﭲﭳﭴﭵﭶbﭷﭸ
588,83,14,ﭹﭺﭻﭼﭽﭾﭿﮀﮁﮂﮃ
588,83,15,ﮄﮅbﮆﮇﮈﮉﮊ
588,83,16,ﮋﮌﮍﮎﮏ
588,83,17,ﮐﮑbﮒﮓﮔﮕﮖﮗ
588,83,18,ﮘﮙﮚﮛﮜﮝbﮞ
588,83,19,ﮟﮠﮡﮢﮣ
588,83,20,ﮤﮥﮦ
588,83,21,ﮧﮨbﮩ
588,83,22,ﮪﮫﮬﮭﮮ
588,83,23,ﮯﮰﮱﯓ
588,83,24,ﯔﯕbﯖﯗﯘﯙ
588,83,25,ﯚﯛﯜﯝﯞb
588,83,26,ﯟﯠﯡﯢﯣﯤﯥﯦ
588,83,27,ﯧbﯨﯩﯪ
588,83,28,ﯫﯬﯭﯮﯯ
588,83,29,ﯰﯱbﯲﯳﯴﯵﯶﯷﯸ
588,83,30,ﯹﯺﯻbﯼﯽ
588,83,31,ﯾﯿﰀﰁﰂﰃﰄb
588,83,32,ﰅﰆﰇﰈﰉﰊﰋ
588,83,33,ﰌﰍﰎbﰏﰐ
588,83,34,ﰑﰒﰓﰔﰕﰖﰗ
589,83,35,ﭑﭒﭓﭔ
589,83,36,ﭕﭖﭗﭘﭙﭚﭛb
589,84,1,ﭜﭝﭞﭟ
589,84,2,ﭠﭡﭢﭣ
589,84,3,ﭤﭥﭦbﭧ
589,84,4,ﭨﭩﭪﭫﭬ
589,84,5,ﭭﭮﭯﭰ
589,84,6,ﭱbﭲﭳﭴﭵﭶﭷﭸﭹ
589,84,7,ﭺﭻﭼbﭽﭾﭿ
589,84,8,ﮀﮁﮂﮃﮄ
589,84,9,ﮅbﮆﮇﮈﮉ
589,84,10,ﮊﮋﮌﮍﮎﮏﮐ
589,84,11,ﮑbﮒﮓﮔ
589,84,12,ﮕﮖﮗ
589,84,13,ﮘﮙﮚﮛﮜﮝb
589,84,14,ﮞﮟﮠﮡﮢﮣ
589,84,15,ﮤﮥﮦﮧﮨﮩﮪ
589,84,16,ﮫﮬbﮭﮮ
589,84,17,ﮯﮰﮱﯓ
589,84,18,ﯔﯕﯖﯗb
589,84,19,ﯘﯙﯚﯛﯜ
589,84,20,ﯝﯞﯟﯠﯡ
589,84,21,ﯢﯣbﯤﯥﯦﯧﯨﯩ
589,84,22,ﯪﯫﯬﯭbﯮ
589,84,23,ﯯﯰﯱﯲﯳ
589,84,24,ﯴﯵﯶﯷb
589,84,25,ﯸﯹﯺﯻﯼﯽﯾﯿﰀﰁ
590,85,1,ﭑﭒﭓﭔ
590,85,2,ﭕﭖﭗ
590,85,3,ﭘﭙbﭚ
590,85,4,ﭛﭜﭝﭞ
590,85,5,ﭟﭠﭡﭢ
590,85,6,ﭣﭤﭥbﭦﭧ
590,85,7,ﭨﭩﭪﭫﭬﭭﭮ
590,85,8,ﭯﭰbﭱﭲﭳﭴﭵﭶﭷﭸ
590,85,9,ﭹﭺﭻbﭼﭽﭾﭿﮀﮁﮂﮃﮄ
590,85,10,ﮅﮆbﮇﮈﮉﮊﮋﮌﮍﮎﮏﮐbﮑﮒﮓ
590,85,11,ﮔﮕﮖﮗﮘﮙbﮚﮛﮜﮝﮞﮟﮠﮡﮢﮣ
590,85,12,ﮤﮥbﮦﮧﮨ
590,85,13,ﮩﮪﮫﮬﮭ
590,85,14,ﮮﮯﮰﮱb
590,85,15,ﯓﯔﯕﯖ
590,85,16,ﯗﯘﯙﯚ
590,85,17,ﯛﯜﯝﯞbﯟ
590,85,18,ﯠﯡﯢ
590,85,19,ﯣﯤﯥﯦﯧﯨ
590,85,20,ﯩﯪbﯫﯬﯭ
590,85,21,ﯮﯯﯰﯱﯲ
590,85,22,ﯳﯴﯵﯶ
591,86,1,ﭑﭒﭓ
591,86,2,ﭔﭕﭖﭗﭘ
591,86,3,ﭙﭚﭛ
591,86,4,ﭜﭝbﭞﭟﭠﭡﭢ
591,86,5,ﭣﭤﭥﭦﭧ
591,86,6,ﭨﭩﭪbﭫﭬ
591,86,7,ﭭﭮﭯﭰﭱﭲ
591,86,8,ﭳﭴﭵﭶﭷb
591,86,9,ﭸﭹﭺﭻ
591,86,10,ﭼﭽﭾﭿﮀﮁﮂ
591,86,11,ﮃﮄﮅﮆb
591,86,12,ﮇﮈﮉﮊ
591,86,13,ﮋﮌﮍﮎ
591,86,14,ﮏﮐﮑﮒ
591,86,15,ﮓbﮔﮕﮖ
591,86,16,ﮗﮘﮙ
591,86,17,ﮚﮛﮜﮝﮞb
591,87,1,ﮟﮠﮡﮢﮣ
591,87,2,ﮤﮥﮦﮧ
591,87,3,ﮨﮩﮪbﮫ
591,87,4,ﮬﮭﮮﮯ
591,87,5,ﮰﮱﯓﯔ
591,87,6,ﯕbﯖﯗﯘ
591,87,7,ﯙﯚﯛﯜﯝﯞﯟﯠﯡﯢﯣ
591,87,8,ﯤbﯥﯦ
591,87,9,ﯧﯨﯩﯪﯫ
591,87,10,ﯬﯭﯮﯯb
591,87,11,ﯰﯱﯲ
591,87,12,ﯳﯴﯵﯶﯷ
591,87,13,ﯸﯹﯺbﯻﯼﯽﯾ
591,87,14,ﯿﰀﰁﰂﰃ
591,87,15,ﰄﰅﰆﰇﰈ
592,87,16,ﭑﭒﭓﭔﭕ
592,87,17,ﭖﭗﭘﭙ
592,87,18,ﭚbﭛﭜﭝﭞﭟ
592,87,19,ﭠﭡﭢﭣb
592,88,1,ﭤﭥﭦﭧﭨ
592,88,2,ﭩﭪﭫﭬb
592,88,3,ﭭﭮﭯ
592,88,4,ﭰﭱﭲﭳ
592,88,5,ﭴﭵﭶﭷﭸb
592,88,6,ﭹﭺﭻﭼﭽﭾﭿ
592,88,7,ﮀﮁﮂﮃﮄﮅﮆb
592,88,8,ﮇﮈﮉﮊ
592,88,9,ﮋﮌﮍ
592,88,10,ﮎﮏﮐﮑb
592,88,11,ﮒﮓﮔﮕﮖ
592,88,12,ﮗﮘﮙﮚ
592,88,13,ﮛﮜﮝﮞb
592,88,14,ﮟﮠﮡ
592,88,15,ﮢﮣﮤ
592,88,16,ﮥﮦﮧb
592,88,17,ﮨﮩﮪﮫﮬﮭﮮ
592,88,18,ﮯﮰﮱbﯓﯔ
592,88,19,ﯕﯖﯗﯘﯙ
592,88,20,ﯚﯛﯜbﯝﯞ
592,88,21,ﯟﯠﯡﯢﯣ
592,88,22,ﯤﯥbﯦﯧ
592,88,23,ﯨﯩﯪﯫﯬ
592,88,24,ﯭﯮﯯbﯰﯱ
592,88,25,ﯲﯳﯴﯵ
592,88,26,ﯶﯷﯸﯹﯺ
593,89,1,ﭑﭒ
593,89,2,ﭓﭔﭕ
593,89,3,ﭖﭗﭘ
593,89,4,ﭙﭚﭛbﭜ
593,89,5,ﭝﭞﭟﭠﭡﭢﭣ
593,89,6,ﭤﭥﭦﭧﭨﭩbﭪ
593,89,7,ﭫﭬﭭﭮ
593,89,8,ﭯﭰﭱﭲﭳﭴﭵb
593,89,9,ﭶﭷﭸﭹﭺﭻ
593,89,10,ﭼﭽﭾﭿb
593,89,11,ﮀﮁﮂﮃﮄ
593,89,12,ﮅﮆﮇﮈ
593,89,13,ﮉbﮊﮋﮌﮍﮎ
593,89,14,ﮏﮐﮑﮒ
593,89,15,ﮓbﮔﮕﮖﮗﮘﮙﮚﮛﮜﮝbﮞ
593,89,16,ﮟﮠﮡﮢﮣﮤﮥﮦﮧﮨﮩb
593,89,17,ﮪﮫﮬﮭﮮﮯﮰ
593,89,18,ﮱﯓﯔﯕbﯖﯗ
593,89,19,ﯘﯙﯚﯛﯜb
593,89,20,ﯝﯞﯟﯠﯡ
593,89,21,ﯢﯣﯤﯥﯦbﯧﯨ
593,89,22,ﯩﯪﯫﯬﯭﯮ
593,89,23,ﯯﯰbﯱﯲﯳﯴﯵﯶﯷﯸﯹ
594,89,24,ﭑﭒﭓﭔﭕ
594,89,25,ﭖﭗﭘﭙﭚﭛb
594,89,26,ﭜﭝﭞﭟﭠ
594,89,27,ﭡﭢﭣﭤ
594,89,28,ﭥbﭦﭧﭨﭩﭪ
594,89,29,ﭫﭬﭭﭮ
594,89,30,ﭯﭰﭱ
594,90,1,ﭲﭳﭴﭵﭶ
594,90,2,ﭷﭸﭹﭺﭻ
594,90,3,ﭼﭽﭾbﭿ
594,90,4,ﮀﮁﮂﮃﮄﮅ
594,90,5,ﮆﮇﮈﮉﮊbﮋﮌ
594,90,6,ﮍﮎﮏﮐﮑ
594,90,7,ﮒﮓﮔﮕﮖbﮗ
594,90,8,ﮘﮙﮚﮛﮜ
594,90,9,ﮝﮞﮟ
594,90,10,ﮠbﮡﮢ
594,90,11,ﮣﮤﮥﮦ
594,90,12,ﮧﮨﮩﮪﮫb
594,90,13,ﮬﮭﮮ
594,90,14,ﮯﮰﮱﯓﯔﯕﯖ
594,90,15,ﯗﯘﯙbﯚ
594,90,16,ﯛﯜﯝﯞﯟ
594,90,17,ﯠﯡﯢﯣﯤﯥbﯦﯧﯨﯩ
594,90,18,ﯪﯫﯬﯭ
594,90,19,ﯮbﯯﯰﯱﯲﯳﯴ
594,90,20,ﯵﯶﯷﯸ
595,91,1,ﭑﭒﭓ
595,91,2,ﭔﭕﭖﭗ
595,91,3,ﭘﭙﭚﭛb
595,91,4,ﭜﭝﭞﭟ
595,91,5,ﭠﭡﭢﭣ
595,91,6,ﭤﭥﭦbﭧ
595,91,7,ﭨﭩﭪﭫ
595,91,8,ﭬﭭﭮﭯ
595,91,9,ﭰbﭱﭲﭳﭴ
595,91,10,ﭵﭶﭷﭸﭹ
595,91,11,ﭺﭻbﭼﭽ
595,91,12,ﭾﭿﮀﮁ
595,91,13,ﮂﮃﮄﮅbﮆﮇﮈﮉ
595,91,14,ﮊﮋﮌbﮍﮎﮏﮐﮑ
595,91,15,ﮒﮓﮔﮕb
595,92,1,ﮖﮗﮘﮙ
595,92,2,ﮚﮛﮜﮝ
595,92,3,ﮞﮟﮠﮡﮢb
595,92,4,ﮣﮤﮥﮦ
595,92,5,ﮧﮨﮩﮪﮫ
595,92,6,ﮬﮭﮮb
595,92,7,ﮯﮰﮱ
595,92,8,ﯓﯔﯕﯖﯗ
595,92,9,ﯘﯙbﯚ
595,92,10,ﯛﯜﯝ
595,92,11,ﯞﯟﯠﯡﯢﯣﯤ
595,92,12,ﯥﯦbﯧﯨ
595,92,13,ﯩﯪﯫﯬﯭ
595,92,14,ﯮﯯﯰﯱ
596,92,15,ﭑﭒﭓﭔﭕ
596,92,16,ﭖﭗﭘﭙ
596,92,17,ﭚbﭛﭜ
596,92,18,ﭝﭞﭟﭠﭡ
596,92,19,ﭢﭣﭤﭥbﭦﭧﭨ
596,92,20,ﭩﭪﭫﭬﭭﭮ
596,92,21,ﭯﭰﭱb
596,93,1,ﭲﭳ
596,93,2,ﭴﭵﭶﭷ
596,93,3,ﭸﭹﭺﭻﭼﭽb
596,93,4,ﭾﭿﮀﮁﮂﮃ
596,93,5,ﮄﮅﮆbﮇﮈ
596,93,6,ﮉﮊﮋﮌﮍ
596,93,7,ﮎﮏbﮐﮑ
596,93,8,ﮒﮓﮔﮕ
596,93,9,ﮖﮗﮘﮙbﮚ
596,93,10,ﮛﮜﮝﮞﮟ
596,93,11,ﮠﮡﮢﮣﮤb
596,94,1,ﮥﮦﮧﮨﮩ
596,94,2,ﮪﮫﮬﮭ
596,94,3,ﮮbﮯﮰﮱ
596,94,4,ﯓﯔﯕﯖ
596,94,5,ﯗﯘﯙﯚﯛ
596,94,6,ﯜbﯝﯞﯟﯠ
596,94,7,ﯡﯢﯣﯤ
596,94,8,ﯥﯦﯧﯨ
597,95,1,ﭑﭒﭓ
597,95,2,ﭔﭕﭖ
597,95,3,ﭗﭘﭙﭚb
597,95,4,ﭛﭜﭝﭞﭟﭠﭡ
597,95,5,ﭢﭣﭤﭥbﭦ
597,95,6,ﭧﭨﭩﭪﭫﭬﭭﭮﭯﭰb
597,95,7,ﭱﭲﭳﭴﭵ
597,95,8,ﭶﭷﭸﭹﭺb
597,96,1,ﭻﭼﭽﭾﭿﮀ
597,96,2,ﮁﮂﮃﮄﮅ
597,96,3,ﮆﮇbﮈﮉ
597,96,4,ﮊﮋﮌﮍ
597,96,5,ﮎﮏﮐﮑﮒﮓ
597,96,6,ﮔﮕbﮖﮗﮘ
597,96,7,ﮙﮚﮛﮜ
597,96,8,ﮝﮞﮟﮠﮡ
597,96,9,ﮢbﮣﮤﮥ
597,96,10,ﮦﮧﮨﮩ
597,96,11,ﮪﮫﮬﮭﮮﮯ
597,96,12,ﮰﮱbﯓﯔ
597,96,13,ﯕﯖﯗﯘﯙ
597,96,14,ﯚﯛﯜﯝﯞﯟ
597,96,15,ﯠﯡbﯢﯣﯤﯥﯦ
597,96,16,ﯧﯨﯩﯪ
597,96,17,ﯫﯬbﯭ
597,96,18,ﯮﯯﯰ
597,96,19,ﯱﯲﯳﯴﯵﯶﯷ
598,97,1,ﭑﭒﭓﭔﭕﭖ
598,97,2,ﭗﭘﭙﭚﭛﭜb
598,97,3,ﭝﭞﭟﭠﭡﭢﭣ
598,97,4,ﭤﭥﭦbﭧﭨﭩﭪﭫﭬﭭ
598,97,5,ﭮﭯﭰﭱﭲﭳb
598,98,1,ﭴﭵﭶﭷﭸﭹﭺﭻﭼbﭽﭾﭿﮀ
598,98,2,ﮁﮂﮃﮄﮅﮆﮇb
598,98,3,ﮈﮉﮊﮋ
598,98,4,ﮌﮍﮎﮏﮐﮑﮒbﮓﮔﮕﮖﮗ
598,98,5,ﮘﮙﮚﮛﮜﮝbﮞﮟﮠﮡﮢﮣﮤﮥﮦﮧbﮨﮩ
598,98,6,ﮪﮫﮬﮭﮮﮯﮰbﮱﯓﯔﯕﯖﯗﯘﯙﯚﯛﯜ
598,98,7,ﯝbﯞﯟﯠﯡﯢﯣﯤﯥﯦ
599,98,8,ﭑﭒﭓﭔﭕﭖﭗﭘﭙﭚbﭛﭜﭝﭞﭟﭠﭡﭢﭣﭤﭥﭦﭧﭨb
599,99,1,ﭩﭪﭫﭬﭭ
599,99,2,ﭮﭯﭰbﭱ
599,99,3,ﭲﭳﭴﭵﭶ
599,99,4,ﭷﭸﭹﭺb
599,99,5,ﭻﭼﭽﭾﭿ
599,99,6,ﮀﮁﮂﮃbﮄﮅﮆ
599,99,7,ﮇﮈﮉﮊﮋbﮌﮍ
599,99,8,ﮎﮏﮐﮑﮒﮓﮔb
599,100,1,ﮕﮖﮗ
599,100,2,ﮘﮙﮚ
599,100,3,ﮛﮜbﮝ
599,100,4,ﮞﮟﮠﮡ
599,100,5,ﮢﮣﮤﮥ
599,100,6,ﮦﮧbﮨﮩﮪ
599,100,7,ﮫﮬﮭﮮﮯ
599,100,8,ﮰﮱbﯓﯔﯕ
599,100,9,ﯖﯗﯘﯙﯚﯛﯜﯝﯞ
600,100,10,ﭑﭒﭓﭔﭕ
600,100,11,ﭖﭗﭘﭙﭚﭛb
600,101,1,ﭜﭝ
600,101,2,ﭞﭟﭠ
600,101,3,ﭡﭢﭣﭤbﭥ
600,101,4,ﭦﭧﭨﭩﭪﭫb
600,101,5,ﭬﭭﭮﭯﭰ
600,101,6,ﭱbﭲﭳﭴﭵ
600,101,7,ﭶﭷﭸﭹbﭺ
600,101,8,ﭻﭼﭽﭾﭿ
600,101,9,ﮀﮁbﮂ
600,101,10,ﮃﮄﮅﮆﮇ
600,101,11,ﮈﮉﮊb
600,102,1,ﮋﮌﮍ
600,102,2,ﮎﮏﮐﮑ
600,102,3,ﮒﮓbﮔﮕ
600,102,4,ﮖﮗﮘﮙﮚ
600,102,5,ﮛﮜﮝbﮞﮟﮠ
600,102,6,ﮡﮢﮣ
600,102,7,ﮤﮥbﮦﮧﮨ
600,102,8,ﮩﮪﮫﮬﮭﮮ
601,103,1,ﭑﭒ
601,103,2,ﭓﭔﭕﭖﭗ
601,103,3,ﭘﭙﭚbﭛﭜﭝﭞﭟﭠﭡb
601,104,1,ﭢﭣﭤﭥﭦ
601,104,2,ﭧﭨﭩﭪﭫb
601,104,3,ﭬﭭﭮﭯﭰ
601,104,4,ﭱﭲﭳﭴﭵﭶb
601,104,5,ﭷﭸﭹﭺﭻ
601,104,6,ﭼﭽﭾﭿ
601,104,7,ﮀﮁbﮂﮃﮄ
601,104,8,ﮅﮆﮇﮈ
601,104,9,ﮉﮊﮋﮌb
601,105,1,ﮍﮎﮏﮐﮑﮒﮓﮔ
601,105,2,ﮕﮖﮗbﮘﮙﮚ
601,105,3,ﮛﮜﮝﮞﮟ
601,105,4,ﮠbﮡﮢﮣﮤ
601,105,5,ﮥﮦﮧﮨ
602,106,1,ﭑﭒﭓ
602,106,2,ﭔﭕﭖﭗbﭘ
602,106,3,ﭙﭚﭛﭜﭝ
602,106,4,ﭞﭟbﭠﭡﭢﭣﭤﭥb
602,107,1,ﭦﭧﭨﭩﭪ
602,107,2,ﭫﭬbﭭﭮﭯ
602,107,3,ﭰﭱﭲﭳﭴﭵb
602,107,4,ﭶﭷﭸ
602,107,5,ﭹﭺﭻﭼﭽbﭾ
602,107,6,ﭿﮀﮁﮂ
602,107,7,ﮃﮄﮅb
602,108,1,ﮆﮇﮈﮉ
602,108,2,ﮊﮋﮌﮍb
602,108,3,ﮎﮏﮐﮑﮒ
603,109,1,ﭑﭒﭓﭔ
603,109,2,ﭕﭖﭗﭘﭙb
603,109,3,ﭚﭛﭜﭝﭞﭟ
603,109,4,ﭠﭡﭢﭣﭤﭥb
603,109,5,ﭦﭧﭨﭩﭪﭫ
603,109,6,ﭬﭭﭮﭯﭰb
603,110,1,ﭱﭲﭳﭴﭵﭶ
603,110,2,ﭷﭸbﭹﭺﭻﭼﭽﭾ
603,110,3,ﭿﮀﮁbﮂﮃﮄﮅﮆﮇb
603,111,1,ﮈﮉﮊﮋﮌﮍ
603,111,2,ﮎﮏﮐﮑﮒbﮓﮔ
603,111,3,ﮕﮖﮗﮘﮙ
603,111,4,ﮚbﮛﮜﮝ
603,111,5,ﮞﮟﮠﮡﮢﮣ
604,112,1,ﭑﭒﭓﭔﭕ
604,112,2,ﭖﭗﭘ
604,112,3,ﭙﭚbﭛﭜﭝ
604,112,4,ﭞﭟﭠﭡﭢﭣb
604,113,1,ﭤﭥﭦﭧﭨ
604,113,2,ﭩﭪﭫﭬﭭ
604,113,3,ﭮbﭯﭰﭱﭲﭳ
604,113,4,ﭴﭵﭶﭷbﭸﭹ
604,113,5,ﭺﭻﭼﭽﭾﭿb
604,114,1,ﮀﮁﮂﮃﮄ
604,114,2,ﮅﮆﮇ
604,114,3,ﮈbﮉﮊ
604,114,4,ﮋﮌﮍﮎﮏ
604,114,5,ﮐbﮑﮒﮓﮔﮕb
604,114,6,ﮖﮗﮘﮙ